CharList 160
A
B
C
D
E
F
G
H
I
J
K
L
M
N
O
P
Q
R
S
T
U
V
W
X
Y
Z
a
b
c
d
e
f
g
h
i
j
k
l
m
n
o
p
q
r
s
t
u
v
w
x
y
z
0
1
2
3
4
5
6
7
8
9
~
`
!
@
#
$
%
^
&
*
(
)
-
_
=
+
[
{
]
}
;
:
'
"
,
<
.
>
/
?
¡
¢
£
¥
§
©
®
¿
À
Á
Â
Ã
Ä
Å
Æ
Ç
È
É
Ê
Ë
Ì
Í
Î
Ï
Ð
Ñ
Ò
Ó
Ô
Õ
Ö
Ø
Ù
Ú
Û
Ü
Ý
ß
à
á
â
ã
ä
å
æ
ç
è
é
ê
ë
ì
í
î
ï
ð
ñ
ò
ó
ô
õ
ö
ø
ù
ú
û
ü
ý
ÿ
WidthList 160
11
12
12
12
11
10
12
12
4
9
12
10
13
12
12
11
12
12
11
10
12
11
15
11
10
9
9
10
9
10
9
5
10
10
4
4
9
4
14
10
10
10
10
6
9
5
10
9
13
9
9
9
9
9
9
9
9
9
9
9
9
9
9
5
4
16
9
9
16
9
12
6
5
5
5
9
9
9
5
6
5
6
6
6
4
8
4
9
4
9
4
10
4
9
9
9
9
12
12
10
11
11
11
11
11
11
16
12
11
11
11
11
4
4
4
4
12
12
12
12
12
12
12
12
12
12
12
12
10
10
9
9
9
9
9
9
14
9
9
9
9
9
4
4
4
4
10
10
10
10
10
10
10
10
10
10
10
10
9
9
RectList 160
0 0 11 17
12 0 10 17
23 0 10 17
34 0 10 17
45 0 9 17
55 0 8 17
64 0 10 17
75 0 10 17
86 0 2 17
89 0 8 17
98 0 11 17
110 0 8 17
119 0 11 17
131 0 10 17
142 0 10 17
153 0 9 17
163 0 10 17
174 0 11 17
186 0 9 17
196 0 10 17
207 0 10 17
218 0 11 17
230 0 15 17
246 0 11 17
258 0 12 17
271 0 9 17
281 0 8 17
290 0 8 17
299 0 7 17
307 0 8 17
316 0 7 17
324 0 6 17
331 0 8 17
340 0 8 17
349 0 2 17
352 0 4 17
357 0 8 17
366 0 2 17
369 0 12 17
382 0 8 17
391 0 8 17
400 0 8 17
409 0 8 17
418 0 5 17
424 0 7 17
432 0 5 17
438 0 8 17
447 0 9 17
457 0 13 17
471 0 9 17
481 0 11 17
493 0 7 17
501 0 8 17
510 0 5 17
516 0 8 17
525 0 8 17
534 0 8 17
543 0 8 17
552 0 8 17
561 0 8 17
570 0 8 17
579 0 8 17
588 0 8 17
597 0 3 17
601 0 2 17
604 0 15 17
620 0 7 17
628 0 7 17
636 0 15 17
652 0 8 17
661 0 11 17
673 0 5 17
679 0 4 17
684 0 4 17
689 0 4 17
694 0 9 17
704 0 8 17
713 0 8 17
722 0 4 17
727 0 6 17
734 0 4 17
739 0 6 17
746 0 2 17
749 0 2 17
752 0 2 17
755 0 6 17
762 0 2 17
765 0 8 17
774 0 2 17
777 0 8 17
786 0 4 17
791 0 8 17
800 0 2 17
803 0 8 17
812 0 9 17
822 0 8 17
831 0 8 17
840 0 12 17
853 0 12 17
866 0 8 17
875 0 11 17
887 0 11 17
899 0 11 17
911 0 11 17
923 0 11 17
935 0 11 17
947 0 16 17
964 0 10 17
975 0 9 17
985 0 9 17
995 0 9 17
1005 0 9 17
1015 0 2 17
1018 0 2 17
1021 0 5 17
1027 0 5 17
1033 0 11 17
1045 0 10 17
1056 0 10 17
1067 0 10 17
1078 0 10 17
1089 0 10 17
1100 0 10 17
1111 0 12 17
1124 0 10 17
1135 0 10 17
1146 0 10 17
1157 0 10 17
1168 0 12 17
1181 0 8 17
1190 0 8 17
1199 0 8 17
1208 0 8 17
1217 0 8 17
1226 0 8 17
1235 0 8 17
1244 0 12 17
1257 0 7 17
1265 0 7 17
1273 0 7 17
1281 0 7 17
1289 0 7 17
1297 0 3 17
1301 0 3 17
1305 0 5 17
1311 0 5 17
1317 0 8 17
1326 0 8 17
1335 0 8 17
1344 0 8 17
1353 0 8 17
1362 0 8 17
1371 0 8 17
1380 0 8 17
1389 0 8 17
1398 0 8 17
1407 0 8 17
1416 0 8 17
1425 0 11 17
1437 0 11 17
OffsetList 160
0 0
1 0
1 0
1 0
1 0
1 0
1 0
1 0
1 0
0 0
1 0
1 0
1 0
1 0
1 0
1 0
1 0
1 0
1 0
0 0
1 0
0 0
0 0
0 0
-1 0
0 0
1 0
1 0
1 0
1 0
1 0
0 0
1 0
1 0
1 0
-1 0
1 0
1 0
1 0
1 0
1 0
1 0
1 0
1 0
1 0
0 0
1 0
0 0
0 0
0 0
-1 0
1 0
0 0
1 0
0 0
0 0
0 0
0 0
0 0
0 0
0 0
0 0
0 0
0 0
1 0
1 0
1 0
1 0
0 0
0 0
1 0
0 0
1 0
0 0
1 0
0 0
0 0
0 0
1 0
0 0
0 0
0 0
2 0
2 0
1 0
1 0
1 0
0 0
1 0
0 0
0 0
1 0
1 0
0 0
0 0
0 0
0 0
0 0
0 0
1 0
0 0
0 0
0 0
0 0
0 0
0 0
-1 0
1 0
1 0
1 0
1 0
1 0
1 0
1 0
0 0
0 0
0 0
1 0
1 0
1 0
1 0
1 0
1 0
0 0
1 0
1 0
1 0
1 0
-1 0
1 0
1 0
1 0
1 0
1 0
1 0
1 0
1 0
1 0
1 0
1 0
1 0
1 0
0 0
1 0
0 0
0 0
1 0
1 0
1 0
1 0
1 0
1 0
1 0
1 0
1 0
1 0
1 0
1 0
-1 0
-1 0
KerningPairs 74
11
AT
AV
AW
AY
Av
Ay
F,
F.
FA
LT
LV
LW
LY
Ly
P,
P.
PA
RY
T,
T-
T.
T:
T;
TA
Ta
Tc
Te
To
Tr
Ts
Tu
Tw
Ty
V,
V-
V.
V:
V;
VA
Va
Ve
Vo
Vr
Vu
Vy
W,
W.
WA
Wa
Y,
Y-
Y.
Y:
Y;
YA
Ya
Ye
Yi
Yo
Yp
Yq
Yu
Yv
r,
r.
v,
v.
w,
w.
y,
y.
G,
G.
KerningValues 74
-1
-1
-1
-1
-1
-1
-1
-2
-2
-1
-1
-1
-1
-1
-1
-2
-2
-1
-1
-2
-1
-2
-2
-2
-1
-1
-1
-1
-1
-1
-1
-1
-1
-1
-1
-1
-1
-1
-1
-1
-1
-1
-1
-1
-1
-1
-1
-1
-1
-1
-2
-1
-2
-1
-1
-1
-1
-1
-1
-1
-1
-1
-1
-1
-1
-1
-1
-1
-1
-1
-1
-1
-2
-2

