CharList 92
A
B
C
D
E
F
G
H
I
J
K
L
M
N
O
P
Q
R
S
T
U
V
W
X
Y
Z
a
b
c
d
e
f
g
h
i
j
k
l
m
n
o
p
q
r
s
t
u
v
w
x
y
z
0
1
2
3
4
5
6
7
8
9
~
`
!
@
#
$
%
^
&
*
(
)
-
_
=
+
[
{
]
}
;
:
'
"
,
<
.
>
/
?
WidthList 92
12
12
11
14
11
10
13
12
6
7
12
10
15
11
13
12
13
12
9
11
11
12
15
11
10
10
12
12
11
14
11
10
13
12
6
7
12
10
15
11
13
12
13
12
9
11
11
12
15
11
10
10
14
6
10
10
12
9
11
10
11
11
8
7
7
14
12
9
19
9
15
12
8
8
8
11
8
11
5
6
5
6
7
5
6
8
6
7
5
7
13
8
RectList 92
0 0 10 13
11 0 11 13
23 0 10 13
34 0 13 13
48 0 10 13
59 0 9 13
69 0 12 13
82 0 12 13
95 0 4 13
100 0 5 13
106 0 11 13
118 0 10 13
129 0 13 13
143 0 10 13
154 0 11 13
166 0 11 13
178 0 11 13
190 0 12 13
203 0 8 13
212 0 11 13
224 0 9 13
234 0 10 13
245 0 13 13
259 0 10 13
270 0 10 13
281 0 10 13
292 0 10 13
303 0 11 13
315 0 10 13
326 0 13 13
340 0 10 13
351 0 9 13
361 0 12 13
374 0 12 13
387 0 4 13
392 0 5 13
398 0 11 13
410 0 10 13
421 0 13 13
435 0 10 13
446 0 11 13
458 0 11 13
470 0 11 13
482 0 12 13
495 0 8 13
504 0 11 13
516 0 9 13
526 0 10 13
537 0 13 13
551 0 10 13
562 0 10 13
573 0 10 13
584 0 12 13
597 0 3 13
601 0 11 13
613 0 9 13
623 0 12 13
636 0 8 13
645 0 9 13
655 0 9 13
665 0 9 13
675 0 9 13
685 0 6 13
692 0 4 13
697 0 5 13
703 0 12 13
716 0 10 13
727 0 9 13
737 0 16 13
754 0 8 13
763 0 13 13
777 0 10 13
788 0 7 13
796 0 7 13
804 0 5 13
810 0 0 13
811 0 6 13
818 0 11 13
830 0 4 13
835 0 4 13
840 0 4 13
845 0 4 13
850 0 5 13
856 0 3 13
860 0 4 13
865 0 7 13
873 0 4 13
878 0 5 13
884 0 3 13
888 0 5 13
894 0 11 13
906 0 8 13
OffsetList 92
1 0
0 0
1 0
0 0
0 0
0 0
1 0
0 0
2 0
1 0
1 0
0 0
1 0
0 0
1 0
0 0
1 0
0 0
0 0
0 0
1 0
1 0
1 0
0 0
0 0
0 0
1 0
0 0
1 0
0 0
0 0
0 0
1 0
0 0
2 0
1 0
1 0
0 0
1 0
0 0
1 0
0 0
1 0
0 0
0 0
0 0
1 0
1 0
1 0
0 0
0 0
0 0
1 0
2 0
0 0
0 0
0 0
0 0
1 0
0 0
1 0
1 0
1 0
2 0
1 0
1 0
1 0
0 0
2 0
0 0
1 0
1 0
1 0
0 0
2 0
256 0
1 0
0 0
1 0
0 0
0 0
1 0
1 0
1 0
1 0
0 0
1 0
1 0
1 0
1 0
1 0
0 0
KerningPairs 154
\A
\a
A\
A"
"AT"
"AV"
"AW"
"AY"
"At"
"Av"
"Aw"
"Ay"
"EW"
"EY"
"Ew"
"Ey"
"F
"
"F."
"FA"
"FL"
"Fa"
"Fl"
"K-"
"KO"
"Ko"
"L
LT
LV
LW
LY
Ly
P,
P.
PA
Pa
RC
RG
RT
RV
RW
RY
Rc
Rg
Ry
T,
T-
T.
T:
T;
TA
TC
TH
TL
TO
TS
Ta
Tc
Th
Tl
To
Ts
V,
V-
V.
V:
V;
VA
VC
VO
Va
Vc
Vo
W,
W-
W.
W;
WA
Wa
Y,
Y-
Y.
Y:
Y;
YA
YC
YO
YQ
Ya
Yc
Yo
Yq
a\
a'
at
av
aw
ay
ew
ey
f,
f.
fa
fl
k-
ko
l'
lt
lv
lw
ly
p,
p.
pa
rc
rg
rt
rv
rw
ry
t,
t-
t.
t:
t;
ta
tc
th
tl
to
ts
v,
v-
v.
v:
v;
va
vc
vo
w,
w-
w.
w;
wa
y,
y-
y.
y:
y;
yO
ya
yc
yo
yq
KerningValues 153
-2
-2
-1
-1
-1
-1
-1
-1
-1
-1
-1
-1
1
1
1
1
-2
-2
-1
-1
-1
-1
-1
-1
-1
-1
-1
-1
-1
-1
-1
-3
-3
-2
-2
-1
-1
-1
-1
-1
-1
-1
-1
-1
-2
-2
-2
-2
-2
-2
-1
-1
-1
-1
-1
-2
-1
-1
-1
-1
-1
-2
-1
-1
-1
-2
-2
-1
-1
-2
-1
-1
-2
-1
-2
-1
-2
-2
-2
-1
-2
-1
-2
-2
-1
-1
-1
-2
-1
-1
-1
-1
-1
-1
-1
-1
-1
1
1
-2
-2
-1
-1
-1
-1
-1
-1
-1
-1
-1
-3
-3
-2
-1
-1
-1
-1
-1
-1
-3
-2
-2
-2
-2
-2
-1
-1
-1
-1
-1
-2
-1
-1
-1
-2
-2
-1
-1
-2
-1
-2
-1
-2
-2
-1
-2
-1
-2
-1
-2
-1
-1
-1

