CharList 65
A
B
C
D
E
F
G
H
I
J
K
L
M
N
O
P
Q
R
S
T
U
V
W
X
Y
Z
a
b
c
d
e
f
g
h
i
j
k
l
m
n
o
p
q
r
s
t
u
v
w
x
y
z
0
1
2
3
4
5
6
7
8
9
!
-
+
WidthList 65
14
15
13
16
13
12
15
15
7
9
15
12
18
13
15
14
16
15
11
13
13
14
18
13
12
12
14
15
13
16
13
12
15
15
7
9
15
12
18
13
15
14
16
15
11
13
13
14
18
13
12
12
16
7
12
12
15
11
13
12
13
13
8
9
13
RectList 65
0 0 19 22
20 0 19 22
40 0 18 22
59 0 21 22
81 0 18 22
100 0 17 22
118 0 20 22
139 0 21 22
161 0 11 22
173 0 12 22
186 0 21 22
208 0 18 22
227 0 22 22
250 0 17 22
268 0 19 22
288 0 18 22
307 0 20 22
328 0 20 22
349 0 16 22
366 0 19 22
386 0 17 22
404 0 19 22
424 0 23 22
448 0 18 22
467 0 17 22
485 0 18 22
504 0 19 22
524 0 19 22
544 0 18 22
563 0 21 22
585 0 18 22
604 0 17 22
622 0 20 22
643 0 21 22
665 0 11 22
677 0 12 22
690 0 21 22
712 0 18 22
731 0 22 22
754 0 17 22
772 0 19 22
792 0 18 22
811 0 20 22
832 0 20 22
853 0 16 22
870 0 19 22
890 0 17 22
908 0 19 22
928 0 23 22
952 0 18 22
971 0 17 22
989 0 18 22
1008 0 20 22
1029 0 11 22
1041 0 18 22
1060 0 16 22
1077 0 20 22
1098 0 15 22
1114 0 17 22
1132 0 17 22
1150 0 17 22
1168 0 17 22
1186 0 12 22
1199 0 13 22
1213 0 19 22
OffsetList 65
-3 0
-2 0
-2 0
-3 0
-3 0
-3 0
-2 0
-3 0
-2 0
-1 0
-3 0
-3 0
-2 0
-2 0
-2 0
-2 0
-2 0
-3 0
-3 0
-3 0
-2 0
-3 0
-3 0
-3 0
-3 0
-3 0
-3 0
-2 0
-2 0
-3 0
-3 0
-3 0
-2 0
-3 0
-2 0
-1 0
-3 0
-3 0
-2 0
-2 0
-2 0
-2 0
-2 0
-3 0
-3 0
-3 0
-2 0
-3 0
-3 0
-3 0
-3 0
-3 0
-2 0
-2 0
-3 0
-2 0
-2 0
-2 0
-2 0
-3 0
-2 0
-2 0
-2 0
-2 0
-3 0
KerningPairs 113
AT
AV
AW
AY
At
Av
Aw
Ay
EW
EY
Ew
Ey
FA
FL
Fa
Fl
K-
KO
Ko
LT
LV
LW
LY
Ly
PA
Pa
RC
RG
RT
RV
RW
RY
Rc
Rg
Ry
T-
TA
TC
TH
TL
TO
TS
Ta
Tc
Th
Tl
To
Ts
V-
VA
VC
VO
Va
Vc
Vo
W-
WA
WC
WO
Wa
Wc
Wo
Y-
YA
YC
YO
YQ
Ya
Yc
Yo
Yq
at
av
aw
ay
ew
ey
fa
fl
k-
ko
lt
lv
lw
ly
pa
rc
rg
rt
rv
rw
ry
t-
ta
tc
th
tl
to
ts
v-
va
vc
vo
w-
wa
wc
wo
y-
yO
ya
yc
yo
yq
KerningValues 113
-1
-1
-1
-1
-1
-1
-1
-1
1
1
1
1
-2
-1
-2
-1
-2
-1
-1
-2
-2
-2
-1
-1
-2
-2
-1
-1
-1
-1
-1
-1
-1
-1
-1
-2
-3
-1
-1
-1
-1
-2
-3
-1
-1
-1
-1
-2
-1
-3
-1
-1
-3
-1
-1
-1
-2
-1
-1
-2
-1
-1
-2
-3
-1
-1
-1
-3
-1
-2
-1
-1
-1
-1
-1
1
1
-2
-1
-2
-1
-2
-2
-2
-1
-2
-1
-1
-1
-1
-1
-1
-2
-3
-1
-1
-1
-1
-2
-1
-3
-1
-1
-1
-2
-1
-1
-2
-1
-3
-1
-1
-1

