CharList 66
A
B
C
D
E
F
G
H
I
J
K
L
M
N
O
P
Q
R
S
T
U
V
W
X
Y
Z
0
1
2
3
4
5
6
7
8
9
~
`
!
@
#
$
%
^
&
*
(
)
-
_
=
+
[
{
]
}
;
:
'
"
,
<
.
>
/
?
WidthList 66
8
8
7
9
8
7
9
9
4
5
9
7
10
7
9
8
9
9
6
7
8
8
10
7
7
7
9
4
7
7
9
6
7
7
8
8
5
5
5
10
9
6
13
6
10
8
5
6
5
8
6
7
3
4
3
4
5
4
4
5
4
5
4
5
9
6
RectList 66
0 0 19 21
20 0 19 21
40 0 18 21
59 0 20 21
80 0 18 21
99 0 17 21
117 0 20 21
138 0 20 21
159 0 15 21
175 0 15 21
191 0 21 21
213 0 18 21
232 0 21 21
254 0 18 21
273 0 19 21
293 0 18 21
312 0 19 21
332 0 20 21
353 0 17 21
371 0 19 21
391 0 18 21
410 0 19 21
430 0 21 21
452 0 18 21
471 0 18 21
490 0 18 21
509 0 19 21
529 0 14 21
544 0 19 21
564 0 18 21
583 0 21 21
605 0 17 21
623 0 17 21
641 0 17 21
659 0 18 21
678 0 18 21
697 0 16 21
714 0 15 21
730 0 15 21
746 0 21 21
768 0 19 21
788 0 18 21
807 0 23 21
831 0 16 21
848 0 21 21
870 0 18 21
889 0 16 21
906 0 17 21
924 0 16 21
941 0 19 21
961 0 16 21
978 0 19 21
998 0 15 21
1014 0 15 21
1030 0 14 21
1045 0 15 21
1061 0 15 21
1077 0 14 21
1092 0 15 21
1108 0 16 21
1125 0 15 21
1141 0 15 21
1157 0 14 21
1172 0 15 21
1188 0 20 21
1209 0 17 21
OffsetList 66
-6 0
-6 0
-5 0
-6 0
-5 0
-5 0
-5 0
-5 0
-5 0
-5 0
-6 0
-5 0
-6 0
-6 0
-5 0
-5 0
-5 0
-6 0
-6 0
-6 0
-5 0
-6 0
-6 0
-6 0
-6 0
-6 0
-5 0
-5 0
-6 0
-6 0
-6 0
-6 0
-5 0
-5 0
-5 0
-5 0
-6 0
-5 0
-5 0
-6 0
-5 0
-6 0
-5 0
-5 0
-5 0
-5 0
-5 0
-6 0
-6 0
-6 0
-5 0
-6 0
-6 0
-6 0
-6 0
-6 0
-5 0
-5 0
-6 0
-6 0
-6 0
-5 0
-5 0
-5 0
-6 0
-5 0
KerningPairs 50
\A
A\
AT
F,
F.
FA
FL
K-
L'
LT
LV
LW
LY
P,
P.
PA
RC
RT
RW
RY
T,
T-
T.
T:
T;
TA
TC
TH
TO
TS
V,
V-
V.
V:
V;
VA
VC
VO
W,
W.
W;
WA
Y,
Y-
Y.
Y:
Y;
YA
YO
YQ
KerningValues 50
-1
-1
-1
-1
-1
-1
-1
-1
-1
-1
-1
-1
-1
-2
-2
-1
-1
-1
-1
-1
-1
-1
-1
-1
-1
-2
-1
-1
-1
-1
-1
-1
-1
-1
-1
-1
-1
-1
-1
-1
-1
-1
-2
-1
-2
-1
-2
-2
-1
-1

