CharList 66
A
B
C
D
E
F
G
H
I
J
K
L
M
N
O
P
Q
R
S
T
U
V
W
X
Y
Z
0
1
2
3
4
5
6
7
8
9
~
`
!
@
#
$
%
^
&
*
(
)
-
_
=
+
[
{
]
}
;
:
'
"
,
<
.
>
/
?
WidthList 66
8
9
8
10
8
7
9
10
5
5
9
7
11
9
10
8
10
9
6
8
8
8
11
8
7
7
10
4
7
7
9
7
7
6
7
8
5
4
4
10
9
6
15
6
11
9
5
6
5
8
6
8
3
3
3
3
4
3
4
5
4
5
3
5
10
6
RectList 66
0 0 9 11
10 0 9 11
20 0 8 11
29 0 10 11
40 0 8 11
49 0 7 11
57 0 9 11
67 0 10 11
78 0 4 11
83 0 5 11
89 0 10 11
100 0 8 11
109 0 11 11
121 0 8 11
130 0 10 11
141 0 8 11
150 0 10 11
161 0 10 11
172 0 6 11
179 0 9 11
189 0 7 11
197 0 9 11
207 0 12 11
220 0 8 11
229 0 8 11
238 0 8 11
247 0 9 11
257 0 3 11
261 0 8 11
270 0 7 11
278 0 10 11
289 0 7 11
297 0 8 11
306 0 7 11
314 0 7 11
322 0 8 11
331 0 5 11
337 0 4 11
342 0 5 11
348 0 9 11
358 0 9 11
368 0 7 11
376 0 15 11
392 0 6 11
399 0 12 11
412 0 8 11
421 0 5 11
427 0 6 11
434 0 5 11
440 0 0 11
441 0 5 11
447 0 9 11
457 0 4 11
462 0 4 11
467 0 3 11
471 0 4 11
476 0 5 11
482 0 3 11
486 0 4 11
491 0 5 11
497 0 4 11
502 0 5 11
508 0 3 11
512 0 5 11
518 0 10 11
529 0 6 11
OffsetList 66
0 0
0 0
1 0
0 0
0 0
0 0
1 0
0 0
1 0
0 0
0 0
0 0
0 0
0 0
0 0
0 0
0 0
0 0
0 0
0 0
1 0
0 0
0 0
0 0
0 0
0 0
1 0
1 0
0 0
0 0
0 0
0 0
0 0
0 0
1 0
0 0
0 0
0 0
1 0
1 0
0 0
0 0
0 0
0 0
0 0
1 0
1 0
0 0
0 0
256 0
1 0
0 0
0 0
0 0
0 0
0 0
-1 0
0 0
0 0
0 0
0 0
0 0
0 0
0 0
0 0
1 0
OutlineRectList 66
0 0 29 31
30 0 29 31
60 0 28 31
89 0 30 31
120 0 28 31
149 0 27 31
177 0 29 31
207 0 30 31
238 0 24 31
263 0 25 31
289 0 30 31
320 0 28 31
349 0 31 31
381 0 28 31
410 0 30 31
441 0 28 31
470 0 30 31
501 0 30 31
532 0 26 31
559 0 29 31
589 0 27 31
617 0 29 31
647 0 32 31
680 0 28 31
709 0 28 31
738 0 28 31
767 0 29 31
797 0 23 31
821 0 28 31
850 0 27 31
878 0 30 31
909 0 27 31
937 0 28 31
966 0 27 31
994 0 27 31
1022 0 28 31
1051 0 25 31
1077 0 24 31
1102 0 25 31
1128 0 29 31
1158 0 29 31
1188 0 27 31
1216 0 35 31
1252 0 26 31
1279 0 32 31
1312 0 28 31
1341 0 25 31
1367 0 26 31
1394 0 25 31
1420 0 29 31
1450 0 25 31
1476 0 29 31
1506 0 24 31
1531 0 24 31
1556 0 23 31
1580 0 24 31
1605 0 25 31
1631 0 23 31
1655 0 24 31
1680 0 25 31
1706 0 24 31
1731 0 25 31
1757 0 23 31
1781 0 25 31
1807 0 30 31
1838 0 26 31
OutlineOffsetList 66
-10 0
-10 0
-9 0
-10 0
-10 0
-10 0
-9 0
-10 0
-9 0
-10 0
-10 0
-10 0
-10 0
-10 0
-10 0
-10 0
-10 0
-10 0
-10 0
-10 0
-9 0
-10 0
-10 0
-10 0
-10 0
-10 0
-9 0
-9 0
-10 0
-10 0
-10 0
-10 0
-10 0
-10 0
-9 0
-10 0
-10 0
-10 0
-9 0
-9 0
-10 0
-10 0
-10 0
-10 0
-10 0
-9 0
-9 0
-10 0
-10 0
-10 0
-9 0
-10 0
-10 0
-10 0
-10 0
-10 0
-11 0
-10 0
-10 0
-10 0
-10 0
-10 0
-10 0
-10 0
-10 0
-9 0
KerningPairs 60
\A
A\
A'
AT
AV
AW
EW
EY
F,
F.
FA
FL
K-
KO
L'
LT
LV
LW
LY
P,
P.
PA
RC
RG
RT
RV
RW
RY
T,
T-
T.
T:
T;
TA
TC
TH
TL
TO
TS
V,
V-
V.
V:
V;
VA
VC
VO
W,
W.
W;
WA
Y,
Y-
Y.
Y:
Y;
YA
YC
YO
YQ
KerningValues 60
-1
-1
-1
-1
-1
-1
1
1
-2
-2
-1
-1
-1
-1
-1
-1
-1
-1
-1
-3
-2
-2
-1
-1
-1
-1
-1
-1
-2
-1
-2
-1
-2
-2
-1
-1
-1
-1
-1
-2
-1
-1
-1
-1
-2
-1
-1
-2
-2
-1
-1
-2
-1
-2
-1
-2
-2
-1
-1
-1

